0 0.839063 0.644444 0.212500 0.090741
0 0.421615 0.569907 0.105729 0.076852
0 0.338021 0.484259 0.052083 0.046296
0 0.380208 0.449537 0.056250 0.037963
0 0.506250 0.439352 0.062500 0.032407
0 0.634115 0.410185 0.051562 0.029630
0 0.688542 0.401852 0.051042 0.027778
0 0.733594 0.385648 0.041146 0.023148
0 0.783073 0.383333 0.035937 0.024074
0 0.812240 0.372222 0.027604 0.020370
0 0.835677 0.364815 0.022396 0.018519
0 0.783854 0.365278 0.025000 0.017593
0 0.714323 0.358796 0.041146 0.021296
0 0.754167 0.358796 0.028125 0.021296
0 0.669271 0.356019 0.020833 0.012037
