0 0.045052 0.917593 0.089063 0.107407
0 0.655729 0.736111 0.101042 0.092593
0 0.648438 0.572685 0.061458 0.063889
0 0.598958 0.431944 0.045833 0.047222
0 0.491667 0.332870 0.036458 0.036111
0 0.458073 0.295833 0.031771 0.034259
0 0.426302 0.250463 0.027604 0.028704
0 0.428906 0.223611 0.026562 0.028704
0 0.427083 0.202315 0.023958 0.023148
0 0.429427 0.181944 0.022396 0.021296
0 0.429167 0.165741 0.022917 0.020370
0 0.463802 0.151389 0.027604 0.021296
0 0.520052 0.146759 0.027604 0.019444
0 0.557813 0.143056 0.030208 0.019444
0 0.592969 0.140278 0.030729 0.019444
