0 0.909635 0.489815 0.051562 0.031481
0 0.818229 0.502778 0.059375 0.029630
0 0.708333 0.518519 0.066667 0.031481
0 0.622396 0.534259 0.067708 0.048148
0 0.583854 0.510648 0.047917 0.036111
0 0.559115 0.481944 0.065104 0.037963
0 0.407031 0.480556 0.068229 0.051852
0 0.362760 0.422685 0.059896 0.049074
0 0.269271 0.416667 0.056250 0.048148
0 0.265104 0.364352 0.048958 0.047222
0 0.214583 0.378704 0.045833 0.046296
0 0.213542 0.282407 0.030208 0.037037
0 0.173698 0.269444 0.027604 0.033333
0 0.148438 0.313426 0.034375 0.039815
0 0.111198 0.306019 0.031771 0.037963
0 0.123698 0.269907 0.028646 0.034259
0 0.141146 0.255093 0.026042 0.032407
0 0.123177 0.213889 0.024479 0.027778
0 0.129688 0.189815 0.020833 0.024074
0 0.085938 0.229630 0.022917 0.031481
