0 0.736458 0.640278 0.085417 0.084259
0 0.614323 0.563426 0.091146 0.075000
0 0.533073 0.521759 0.083854 0.067593
0 0.525260 0.459259 0.067187 0.061111
0 0.407292 0.460648 0.069792 0.062037
0 0.401042 0.423611 0.051042 0.052778
0 0.279167 0.467130 0.104167 0.062037
0 0.538281 0.420833 0.061979 0.050926
0 0.525000 0.394907 0.067708 0.050926
0 0.603906 0.370370 0.081771 0.051852
0 0.659635 0.385185 0.088021 0.055556
0 0.777083 0.341204 0.102083 0.049074
0 0.834115 0.327778 0.059896 0.040741
0 0.867188 0.339815 0.085417 0.048148
