0 0.638802 0.745370 0.110937 0.090741
0 0.684375 0.616667 0.064583 0.070370
0 0.598698 0.463889 0.046354 0.048148
0 0.533333 0.415278 0.040625 0.043519
0 0.459115 0.357407 0.034896 0.035185
0 0.486198 0.327778 0.031771 0.033333
0 0.440885 0.301852 0.024479 0.029630
0 0.437760 0.242593 0.021354 0.027778
0 0.439844 0.219907 0.019271 0.026852
0 0.469792 0.198148 0.021875 0.022222
0 0.460417 0.186574 0.016667 0.019444
0 0.483854 0.178704 0.018750 0.018519
0 0.502865 0.172685 0.019271 0.015741
0 0.529687 0.172685 0.026042 0.019444
0 0.546875 0.168519 0.020833 0.018519
0 0.596875 0.164815 0.023958 0.016667
