0 0.725521 0.704630 0.091667 0.094444
0 0.698438 0.606944 0.086458 0.078704
0 0.625000 0.562037 0.085417 0.070370
0 0.269531 0.487037 0.103646 0.066667
0 0.462240 0.485648 0.075521 0.065741
0 0.581250 0.485648 0.075000 0.063889
0 0.411979 0.446759 0.060417 0.060185
0 0.501302 0.438889 0.048438 0.051852
0 0.472396 0.416667 0.052083 0.055556
0 0.516927 0.388426 0.044271 0.041667
0 0.573698 0.406481 0.067187 0.055556
0 0.613021 0.367130 0.079167 0.047222
0 0.660156 0.347222 0.048438 0.037037
0 0.710156 0.364352 0.089063 0.047222
0 0.759896 0.338426 0.072917 0.043519
0 0.804427 0.341667 0.070312 0.042593
