0 0.644271 0.658333 0.088542 0.085185
0 0.584375 0.549537 0.069792 0.073148
0 0.457031 0.489352 0.058854 0.063889
0 0.488021 0.405556 0.043750 0.057407
0 0.432552 0.414352 0.045312 0.056481
0 0.377344 0.427315 0.044271 0.060185
0 0.402604 0.311574 0.031250 0.043519
0 0.349219 0.340278 0.033854 0.049074
0 0.327344 0.284259 0.028646 0.040741
0 0.341667 0.255093 0.027083 0.037963
0 0.369271 0.250926 0.028125 0.037037
0 0.308594 0.198611 0.022396 0.028704
0 0.286458 0.195833 0.020833 0.025000
0 0.286458 0.170370 0.019792 0.027778
0 0.320573 0.164352 0.017188 0.026852
0 0.353385 0.175926 0.023438 0.027778
0 0.382031 0.168981 0.023438 0.028704
0 0.276302 0.129630 0.017188 0.025926
0 0.321875 0.106481 0.017708 0.024074
