0 0.553646 0.706944 0.176042 0.108333
0 0.473438 0.691204 0.146875 0.106481
0 0.695052 0.614352 0.075521 0.084259
0 0.801823 0.598148 0.086979 0.087037
0 0.623698 0.481481 0.071354 0.068519
0 0.373698 0.493519 0.075521 0.075926
0 0.538802 0.433796 0.073438 0.058333
0 0.592448 0.388426 0.056771 0.054630
0 0.529427 0.400926 0.065104 0.051852
0 0.455208 0.400000 0.063542 0.055556
0 0.474219 0.372222 0.051562 0.053704
0 0.443490 0.351389 0.046354 0.047222
0 0.539583 0.364815 0.043750 0.044444
0 0.516667 0.342593 0.038542 0.044444
0 0.538281 0.317130 0.042188 0.043519
