0 0.858073 0.571759 0.079687 0.037963
0 0.728906 0.537037 0.073438 0.044444
0 0.591927 0.523148 0.074479 0.051852
0 0.485156 0.448148 0.061979 0.051852
0 0.479427 0.474537 0.067187 0.056481
0 0.464583 0.500000 0.071875 0.059259
0 0.320833 0.411111 0.056250 0.055556
0 0.325260 0.358796 0.048438 0.049074
0 0.264583 0.293056 0.036458 0.039815
0 0.242708 0.341667 0.042708 0.048148
0 0.223698 0.299074 0.031771 0.040741
0 0.153385 0.228704 0.023438 0.033333
0 0.178385 0.236111 0.026562 0.035185
0 0.253385 0.211111 0.024479 0.031481
0 0.221094 0.206481 0.023438 0.031481
0 0.188802 0.192130 0.022396 0.030556
0 0.165104 0.201852 0.025000 0.031481
0 0.138021 0.162500 0.019792 0.025000
0 0.169271 0.151389 0.019792 0.025000
0 0.182552 0.131944 0.017188 0.021296
