0 0.518750 0.824074 0.166667 0.112963
0 0.721094 0.684259 0.075521 0.081481
0 0.633854 0.521296 0.054167 0.059259
0 0.560677 0.459259 0.048438 0.050000
0 0.479427 0.385648 0.041146 0.041667
0 0.509635 0.352315 0.036979 0.037963
0 0.440104 0.320833 0.032292 0.036111
0 0.439323 0.253704 0.024479 0.027778
0 0.441667 0.225926 0.022917 0.024074
0 0.464323 0.199537 0.023438 0.025000
0 0.447656 0.181481 0.021354 0.025926
0 0.468229 0.175000 0.018750 0.020370
0 0.483333 0.163426 0.018750 0.019444
0 0.509635 0.161574 0.026562 0.019444
0 0.564844 0.153704 0.032813 0.020370
