0 0.035937 0.809259 0.070833 0.109259
0 0.376823 0.496759 0.061979 0.071296
0 0.669271 0.639352 0.097917 0.087963
0 0.791146 0.650463 0.106250 0.095370
0 0.719792 0.575926 0.071875 0.070370
0 0.785677 0.560648 0.058854 0.078704
0 0.693750 0.512963 0.070833 0.075926
0 0.643750 0.478241 0.058333 0.063889
0 0.568750 0.456019 0.069792 0.062037
0 0.492188 0.418519 0.063542 0.059259
0 0.432552 0.390278 0.060937 0.054630
0 0.459896 0.368519 0.050000 0.048148
0 0.546875 0.361574 0.039583 0.045370
0 0.582812 0.384259 0.048958 0.051852
0 0.554688 0.339815 0.025000 0.037037
0 0.603125 0.321759 0.060417 0.047222
0 0.465885 0.346759 0.041146 0.041667
