0 0.205990 0.909722 0.258854 0.128704
0 0.689583 0.721759 0.084375 0.087963
0 0.638021 0.549537 0.058333 0.062037
0 0.584375 0.417130 0.045833 0.047222
0 0.474740 0.320833 0.036979 0.036111
0 0.447656 0.284259 0.031771 0.033333
0 0.422135 0.238889 0.026562 0.029630
0 0.430208 0.177315 0.022917 0.023148
0 0.423958 0.212500 0.025000 0.028704
0 0.422396 0.193981 0.023958 0.023148
0 0.432812 0.162037 0.021875 0.020370
0 0.481771 0.147685 0.029167 0.023148
0 0.540365 0.144907 0.031771 0.021296
0 0.588281 0.139815 0.034896 0.020370
