0 0.196615 0.827778 0.226562 0.124074
0 0.643750 0.698148 0.121875 0.103704
0 0.713021 0.648611 0.086458 0.093519
0 0.748437 0.527315 0.087500 0.082407
0 0.628125 0.524074 0.080208 0.070370
0 0.328125 0.491667 0.151042 0.062963
0 0.530990 0.479167 0.074479 0.063889
0 0.584115 0.465278 0.066146 0.060185
0 0.547656 0.419907 0.052604 0.049074
0 0.500521 0.433796 0.053125 0.052778
0 0.470573 0.364815 0.057813 0.053704
0 0.466927 0.392593 0.068229 0.074074
0 0.536198 0.354630 0.069271 0.055556
0 0.551562 0.375000 0.053125 0.051852
0 0.616667 0.331944 0.072917 0.047222
0 0.629427 0.357870 0.067187 0.049074
0 0.682813 0.336574 0.055208 0.045370
0 0.745833 0.324074 0.070833 0.048148
