0 0.147396 0.165278 0.018750 0.023148
0 0.138802 0.188889 0.022396 0.025926
0 0.104167 0.202315 0.020833 0.028704
0 0.137240 0.242130 0.025521 0.032407
0 0.157552 0.230093 0.023438 0.032407
0 0.124219 0.274537 0.027604 0.037963
0 0.155990 0.282870 0.030729 0.037963
0 0.189062 0.243981 0.026042 0.032407
0 0.225260 0.253704 0.027604 0.035185
0 0.213542 0.347685 0.040625 0.045370
0 0.261458 0.337963 0.043750 0.046296
0 0.254948 0.388426 0.051562 0.047222
0 0.345052 0.398148 0.055729 0.048148
0 0.372135 0.456481 0.066146 0.053704
0 0.532552 0.471759 0.064062 0.047222
0 0.553646 0.504167 0.070833 0.041667
0 0.568229 0.528241 0.070833 0.050926
0 0.673438 0.523611 0.069792 0.039815
0 0.794010 0.517593 0.067187 0.029630
0 0.902604 0.518519 0.062500 0.033333
