0 0.908073 0.434722 0.035937 0.026852
0 0.848437 0.463889 0.045833 0.027778
0 0.764583 0.492593 0.054167 0.027778
0 0.716146 0.530556 0.059375 0.031481
0 0.666146 0.519907 0.060417 0.030556
0 0.614583 0.491204 0.061458 0.030556
0 0.492708 0.512963 0.067708 0.038889
0 0.413021 0.463889 0.063542 0.042593
0 0.316146 0.468519 0.063542 0.046296
0 0.290104 0.418056 0.057292 0.045370
0 0.234896 0.437963 0.057292 0.048148
0 0.198437 0.340278 0.037500 0.041667
0 0.146354 0.376389 0.044792 0.045370
0 0.147656 0.324074 0.033854 0.038889
0 0.099740 0.371296 0.042188 0.042593
0 0.101823 0.331481 0.033854 0.040741
0 0.110937 0.306481 0.031250 0.035185
0 0.049479 0.291204 0.026042 0.034259
0 0.093229 0.268519 0.027083 0.031481
0 0.094531 0.240278 0.024479 0.026852
