0 0.076823 0.866204 0.152604 0.119444
0 0.674219 0.693056 0.081771 0.080556
0 0.659635 0.562037 0.057813 0.061111
0 0.573438 0.419907 0.042708 0.043519
0 0.514583 0.376852 0.036458 0.038889
0 0.446615 0.323611 0.030729 0.034259
0 0.471094 0.297685 0.026562 0.030556
0 0.440104 0.273611 0.022917 0.028704
0 0.435677 0.218056 0.021354 0.026852
0 0.436979 0.197685 0.019792 0.021296
0 0.472656 0.179630 0.022396 0.018519
0 0.494531 0.163889 0.023438 0.018519
0 0.523698 0.161111 0.027604 0.018519
0 0.548958 0.161111 0.021875 0.018519
0 0.572656 0.157870 0.024479 0.017593
0 0.471615 0.168056 0.017188 0.013889
