0 0.310417 0.801852 0.193750 0.114815
0 0.681510 0.643519 0.068229 0.075926
0 0.638021 0.507870 0.053125 0.056481
0 0.547656 0.376389 0.039062 0.039815
0 0.497656 0.337963 0.034896 0.037037
0 0.437760 0.289815 0.028646 0.031481
0 0.457031 0.262963 0.023438 0.027778
0 0.436979 0.239815 0.022917 0.025926
0 0.436979 0.216667 0.021875 0.022222
0 0.431771 0.193981 0.021875 0.023148
0 0.437240 0.171296 0.021354 0.022222
0 0.480208 0.156019 0.021875 0.019444
0 0.513542 0.144907 0.022917 0.017593
0 0.546354 0.143056 0.031250 0.017593
0 0.572917 0.143519 0.023958 0.016667
0 0.491146 0.148148 0.018750 0.016667
