0 0.789583 0.615741 0.087500 0.059259
0 0.661458 0.543981 0.078125 0.062037
0 0.517969 0.504167 0.072396 0.065741
0 0.459635 0.418981 0.055729 0.060185
0 0.430729 0.437500 0.059375 0.058333
0 0.395313 0.460648 0.062500 0.060185
0 0.301823 0.368056 0.046354 0.050926
0 0.330729 0.324074 0.039583 0.046296
0 0.255208 0.301852 0.035417 0.044444
0 0.289323 0.258796 0.032813 0.039815
0 0.256510 0.265278 0.028646 0.041667
0 0.216927 0.202315 0.021354 0.034259
0 0.193750 0.194444 0.022917 0.031481
0 0.262760 0.177315 0.023438 0.028704
0 0.293229 0.177778 0.023958 0.029630
0 0.229427 0.163426 0.021354 0.026852
0 0.202865 0.171296 0.021354 0.029630
0 0.180990 0.132870 0.018229 0.025000
0 0.209375 0.122685 0.017708 0.023148
0 0.226562 0.106944 0.016667 0.019444
