0 0.265625 0.777315 0.219792 0.117593
0 0.384115 0.496296 0.060937 0.068519
0 0.711719 0.612963 0.081771 0.077778
0 0.838802 0.621296 0.084896 0.083333
0 0.771615 0.537500 0.074479 0.063889
0 0.701562 0.551852 0.068750 0.061111
0 0.628125 0.463889 0.070833 0.055556
0 0.663802 0.493519 0.071354 0.059259
0 0.541146 0.443519 0.068750 0.059259
0 0.479167 0.409722 0.060417 0.058333
0 0.510417 0.391204 0.039583 0.050926
0 0.428906 0.385185 0.045312 0.053704
0 0.463542 0.365741 0.034375 0.046296
0 0.490885 0.349537 0.038021 0.045370
0 0.586719 0.378704 0.043229 0.046296
0 0.566927 0.361574 0.043229 0.049074
0 0.591406 0.339352 0.040104 0.039815
0 0.646615 0.317130 0.072396 0.041667
