0 0.485677 0.773148 0.153646 0.101852
0 0.673177 0.617593 0.067187 0.070370
0 0.623177 0.476389 0.049479 0.054630
0 0.527083 0.358796 0.038542 0.039815
0 0.482552 0.321759 0.033854 0.036111
0 0.432812 0.275000 0.027083 0.031481
0 0.442969 0.248148 0.026562 0.027778
0 0.434635 0.225000 0.026562 0.025926
0 0.434375 0.202778 0.020833 0.024074
0 0.427344 0.182870 0.019271 0.023148
0 0.443750 0.162500 0.019792 0.021296
0 0.491146 0.151852 0.023958 0.020370
0 0.511719 0.144907 0.017188 0.015741
0 0.536719 0.143981 0.025521 0.019444
0 0.578385 0.140741 0.030729 0.020370
