0 0.677865 0.574537 0.106771 0.082407
0 0.575521 0.563426 0.089583 0.069444
0 0.497396 0.549537 0.064583 0.050926
0 0.477604 0.574537 0.114583 0.087963
0 0.373437 0.563889 0.093750 0.075926
0 0.400260 0.544444 0.045312 0.040741
0 0.294531 0.556019 0.066146 0.065741
0 0.241146 0.547685 0.053125 0.054630
0 0.188542 0.543981 0.052083 0.049074
0 0.149740 0.539352 0.038021 0.047222
0 0.108594 0.534722 0.047396 0.041667
0 0.082552 0.532870 0.029687 0.037963
0 0.063802 0.531019 0.027604 0.037963
0 0.040365 0.529167 0.030729 0.032407
