0 0.345833 0.776389 0.191667 0.104630
0 0.607812 0.706019 0.132292 0.099074
0 0.369531 0.493981 0.119271 0.069444
0 0.826042 0.567130 0.079167 0.078704
0 0.620313 0.511111 0.082292 0.072222
0 0.581250 0.448611 0.075000 0.078704
0 0.483333 0.422222 0.063542 0.055556
0 0.456510 0.392593 0.045312 0.053704
0 0.435156 0.372685 0.044271 0.050926
0 0.482031 0.362963 0.041146 0.053704
0 0.512500 0.381481 0.045833 0.048148
0 0.535417 0.342593 0.052083 0.048148
0 0.655208 0.330093 0.050000 0.039815
0 0.739323 0.312500 0.076563 0.045370
0 0.594271 0.368056 0.046875 0.049074
0 0.619271 0.346759 0.038542 0.039815
