0 0.368750 0.495833 0.070833 0.073148
0 0.588281 0.664815 0.123438 0.100000
0 0.691406 0.678241 0.141146 0.102778
0 0.708854 0.597685 0.069792 0.078704
0 0.806250 0.581019 0.079167 0.087963
0 0.594531 0.467130 0.073438 0.062037
0 0.582552 0.383796 0.052604 0.050926
0 0.508333 0.425000 0.067708 0.061111
0 0.515625 0.396759 0.053125 0.047222
0 0.436458 0.394907 0.058333 0.056481
0 0.460156 0.370833 0.050521 0.049074
0 0.446094 0.344907 0.041146 0.030556
0 0.536719 0.364815 0.040104 0.046296
0 0.530208 0.336574 0.023958 0.028704
0 0.564844 0.319444 0.049479 0.046296
