0 0.898958 0.385185 0.027083 0.022222
0 0.853385 0.423611 0.030729 0.026852
0 0.796615 0.454167 0.042188 0.025000
0 0.770573 0.500000 0.026562 0.037037
0 0.722396 0.496296 0.052083 0.031481
0 0.664844 0.478704 0.052604 0.031481
0 0.583594 0.516667 0.065104 0.031481
0 0.484896 0.484722 0.062500 0.030556
0 0.393229 0.500000 0.064583 0.037037
0 0.344271 0.458333 0.060417 0.038889
0 0.292187 0.485185 0.064583 0.042593
0 0.212240 0.398148 0.046354 0.044444
0 0.179948 0.432407 0.053646 0.044444
0 0.124479 0.431019 0.051042 0.045370
0 0.151042 0.380093 0.042708 0.041667
0 0.106510 0.393519 0.042188 0.040741
0 0.106250 0.358796 0.040625 0.036111
0 0.081771 0.322222 0.031250 0.035185
0 0.077344 0.293519 0.027604 0.029630
0 0.039062 0.356019 0.034375 0.037963
