0 0.585677 0.752315 0.125521 0.097222
0 0.661198 0.596759 0.065104 0.065741
0 0.611198 0.453241 0.047396 0.050926
0 0.510156 0.346296 0.036979 0.038889
0 0.469792 0.310185 0.033333 0.035185
0 0.429948 0.263889 0.027604 0.029630
0 0.435417 0.237037 0.026042 0.029630
0 0.429948 0.213426 0.023438 0.023148
0 0.430208 0.192593 0.020833 0.022222
0 0.425781 0.177315 0.019271 0.023148
0 0.451302 0.156481 0.023438 0.020370
0 0.502865 0.148611 0.026562 0.021296
0 0.529948 0.144444 0.024479 0.018519
0 0.560937 0.142593 0.030208 0.018519
0 0.599479 0.142130 0.014583 0.013889
