0 0.911458 0.461111 0.042708 0.029630
0 0.837240 0.484259 0.052604 0.029630
0 0.739583 0.507870 0.062500 0.028704
0 0.674740 0.535648 0.064062 0.036111
0 0.625521 0.515741 0.052083 0.037037
0 0.587500 0.489352 0.064583 0.032407
0 0.447656 0.499074 0.070312 0.044444
0 0.385156 0.445370 0.063021 0.046296
0 0.289062 0.443056 0.059375 0.049074
0 0.273698 0.390741 0.052604 0.044444
0 0.220833 0.408333 0.052083 0.048148
0 0.203646 0.310648 0.034375 0.037963
0 0.144531 0.343981 0.040104 0.041667
0 0.158333 0.295370 0.030208 0.037037
0 0.101562 0.337963 0.036458 0.042593
0 0.111198 0.299074 0.030729 0.037037
0 0.123958 0.280093 0.030208 0.034259
0 0.066146 0.258796 0.023958 0.032407
0 0.107813 0.240278 0.026042 0.030556
0 0.111198 0.213426 0.023438 0.025000
