0 0.686719 0.573611 0.108854 0.082407
0 0.584375 0.561574 0.095833 0.075000
0 0.472135 0.571759 0.115104 0.087963
0 0.503906 0.553704 0.067187 0.066667
0 0.404167 0.543981 0.036458 0.041667
0 0.367448 0.556481 0.095312 0.083333
0 0.289844 0.549074 0.066146 0.075926
0 0.232813 0.545370 0.056250 0.064815
0 0.182552 0.538889 0.048438 0.055556
0 0.146094 0.535648 0.042188 0.052778
0 0.104427 0.532870 0.043229 0.043519
0 0.078385 0.529167 0.031771 0.039815
0 0.056250 0.527778 0.030208 0.037037
0 0.033073 0.525000 0.029687 0.033333
