0 0.530208 0.733333 0.150000 0.100000
0 0.683594 0.672222 0.098437 0.092593
0 0.794271 0.539815 0.075000 0.070370
0 0.619010 0.479630 0.065104 0.061111
0 0.570833 0.489352 0.071875 0.063889
0 0.533854 0.445370 0.061458 0.059259
0 0.563802 0.427778 0.043229 0.053704
0 0.349479 0.490741 0.145833 0.061111
0 0.462760 0.407407 0.053646 0.051852
0 0.446875 0.365741 0.052083 0.048148
0 0.499219 0.352315 0.050521 0.045370
0 0.527865 0.374074 0.044271 0.050000
0 0.570052 0.332870 0.060937 0.045370
0 0.606250 0.362037 0.055208 0.046296
0 0.646354 0.339352 0.043750 0.043519
0 0.695573 0.323148 0.056771 0.040741
0 0.792448 0.306019 0.083854 0.041667
