0 0.899219 0.365741 0.024479 0.020370
0 0.854688 0.404167 0.028125 0.023148
0 0.807552 0.434722 0.035937 0.025000
0 0.789323 0.484259 0.048438 0.033333
0 0.740365 0.482407 0.045312 0.029630
0 0.688281 0.466204 0.048438 0.028704
0 0.625000 0.510185 0.060417 0.031481
0 0.524479 0.488426 0.061458 0.030556
0 0.440885 0.508333 0.064062 0.033333
0 0.379948 0.472222 0.060937 0.037037
0 0.332031 0.500926 0.065104 0.037037
0 0.230469 0.425463 0.049479 0.043519
0 0.210938 0.456481 0.058333 0.044444
0 0.149479 0.457870 0.058333 0.045370
0 0.165365 0.406481 0.047396 0.040741
0 0.121094 0.422222 0.046354 0.040741
0 0.114062 0.384722 0.042708 0.037963
0 0.082292 0.349074 0.033333 0.038889
0 0.078385 0.318519 0.032813 0.031481
0 0.045833 0.386574 0.039583 0.039815
