0 0.094792 0.812500 0.186458 0.115741
0 0.479427 0.742130 0.172396 0.113889
0 0.384115 0.497685 0.071354 0.069444
0 0.845833 0.591204 0.072917 0.082407
0 0.719271 0.587963 0.068750 0.087037
0 0.722396 0.513889 0.070833 0.064815
0 0.655208 0.528241 0.059375 0.078704
0 0.616146 0.475463 0.057292 0.058333
0 0.587500 0.450000 0.045833 0.059259
0 0.510156 0.431481 0.068229 0.057407
0 0.464323 0.400463 0.050521 0.058333
0 0.429688 0.376852 0.036458 0.051852
0 0.467708 0.363426 0.039583 0.045370
0 0.508333 0.385185 0.045833 0.051852
0 0.508854 0.346296 0.046875 0.046296
0 0.620833 0.337037 0.042708 0.042593
0 0.690885 0.314815 0.078646 0.042593
0 0.586198 0.379630 0.045312 0.042593
0 0.588281 0.357407 0.045312 0.042593
