0 0.903646 0.408333 0.032292 0.025926
0 0.853385 0.443519 0.035937 0.027778
0 0.781771 0.473148 0.047917 0.027778
0 0.747396 0.517593 0.042708 0.035185
0 0.697656 0.509722 0.056771 0.030556
0 0.640885 0.486574 0.057813 0.030556
0 0.539062 0.519444 0.066667 0.033333
0 0.447656 0.476852 0.064062 0.037037
0 0.351562 0.486574 0.065625 0.041667
0 0.312760 0.440741 0.059896 0.042593
0 0.258854 0.463426 0.062500 0.045370
0 0.201563 0.370833 0.042708 0.043519
0 0.158333 0.405093 0.050000 0.043519
0 0.107292 0.401389 0.046875 0.047222
0 0.145313 0.352315 0.038542 0.037963
0 0.099219 0.362963 0.038021 0.038889
0 0.104948 0.333796 0.034896 0.037963
0 0.040104 0.324074 0.029167 0.037037
0 0.083073 0.267593 0.025521 0.029630
0 0.084635 0.296296 0.030729 0.033333
