0 0.802083 0.468981 0.054167 0.026852
0 0.904167 0.350463 0.023958 0.019444
0 0.855208 0.386111 0.023958 0.024074
0 0.816667 0.416204 0.031250 0.025000
0 0.751302 0.465741 0.040104 0.027778
0 0.704688 0.453704 0.041667 0.029630
0 0.658333 0.499537 0.053125 0.030556
0 0.565365 0.486574 0.056771 0.026852
0 0.487500 0.509259 0.061458 0.031481
0 0.419271 0.483333 0.061458 0.031481
0 0.375260 0.512963 0.065104 0.037037
0 0.255729 0.448611 0.055208 0.041667
0 0.250000 0.477778 0.060417 0.040741
0 0.184635 0.483333 0.056771 0.040741
0 0.186198 0.430556 0.051562 0.042593
0 0.143750 0.450926 0.051042 0.044444
0 0.129427 0.409259 0.045312 0.042593
0 0.059896 0.415741 0.044792 0.040741
0 0.088021 0.376389 0.037500 0.039815
0 0.082031 0.344907 0.034896 0.034259
